Index	Distance[?m]	Time[s]	Velocity[?m/s]
1.000000	1.105077	1.600000	0.690673
2.000000	0.894586	1.100000	0.813260
3.000000	1.526058	1.700000	0.897681
4.000000	0.684095	0.700000	0.977279
5.000000	0.999831	1.400000	0.714165
6.000000	0.578850	0.600000	0.964750
7.000000	2.605647	4.900000	0.531765
8.000000	1.131746	0.700000	1.616779
9.000000	0.842229	0.900000	0.935810
10.000000	0.894869	1.000000	0.894869
11.000000	3.015656	4.100000	0.735526
12.000000	0.740687	1.000000	0.740687
13.000000	0.687781	0.900000	0.764201
14.000000	1.131746	1.300000	0.870573
15.000000	2.368022	3.200000	0.740007
16.000000	1.018175	1.400000	0.740399
17.000000	1.158065	1.100000	1.052787
18.000000	0.631472	0.500000	1.262945
19.000000	2.025974	2.800000	0.723562
20.000000	0.789341	0.900000	0.877045
21.000000	0.841963	1.000000	0.841963
22.000000	0.631472	0.800000	0.789341
23.000000	0.710406	0.800000	0.888008
24.000000	1.296203	1.600000	0.810127
25.000000	1.058125	1.100000	0.961932
26.000000	0.740687	0.700000	1.058125
27.000000	1.055720	2.300000	0.459009
28.000000	1.609973	2.000000	0.804986
29.000000	1.134899	1.500000	0.756599
30.000000	1.240471	1.600000	0.775294
31.000000	1.504401	1.600000	0.940251
32.000000	0.791790	0.700000	1.131129
33.000000	0.870969	0.800000	1.088711
34.000000	1.028748	1.100000	0.935226
35.000000	1.243297	1.500000	0.828864
36.000000	1.084578	1.200000	0.903815
37.000000	0.870969	0.900000	0.967743
38.000000	0.686218	0.800000	0.857772
39.000000	0.686218	0.700000	0.980311
40.000000	1.341879	1.500000	0.894586
41.000000	1.026143	1.000000	1.026143
42.000000	0.815652	0.900000	0.906280
43.000000	1.157699	0.800000	1.447124
44.000000	0.633432	0.900000	0.703813
45.000000	1.055720	1.500000	0.703813
46.000000	0.633432	1.200000	0.527860
47.000000	0.369502	0.700000	0.527860
48.000000	0.870969	1.000000	0.870969
49.000000	0.686218	0.700000	0.980311
50.000000	0.791790	0.900000	0.879767
51.000000	0.791790	0.700000	1.131129
52.000000	1.772359	2.200000	0.805618
53.000000	0.661328	1.000000	0.661328
54.000000	0.793594	1.100000	0.721449
55.000000	1.058125	1.300000	0.813942
56.000000	0.687781	0.700000	0.982544
57.000000	1.134899	1.100000	1.031726
58.000000	0.950148	2.000000	0.475074
59.000000	1.289256	2.300000	0.560546
60.000000	0.789341	0.700000	1.127629
61.000000	0.999831	2.900000	0.344769
62.000000	0.710406	0.800000	0.888008
63.000000	0.789341	1.000000	0.789341
64.000000	1.894417	2.100000	0.902103
65.000000	0.815652	1.100000	0.741502
66.000000	0.420982	0.600000	0.701636
67.000000	0.420982	0.500000	0.841963
68.000000	0.894586	1.000000	0.894586
69.000000	0.870969	1.000000	0.870969
70.000000	0.686218	0.800000	0.857772
71.000000	0.818183	0.900000	0.909092
72.000000	1.847510	2.100000	0.879767
73.000000	1.372436	1.800000	0.762464
74.000000	0.395895	0.400000	0.989737
75.000000	0.712611	1.300000	0.548162
76.000000	1.055720	1.300000	0.812092
77.000000	0.844576	1.000000	0.844576
78.000000	0.686218	0.900000	0.762464
79.000000	1.111031	1.500000	0.740687
80.000000	1.058125	1.100000	0.961932
81.000000	1.560734	1.900000	0.821439
82.000000	2.460140	4.000000	0.615035
83.000000	1.375562	1.800000	0.764201
84.000000	1.296203	1.700000	0.762472
85.000000	1.243297	2.100000	0.592046
86.000000	1.693000	2.400000	0.705417
87.000000	0.740687	0.800000	0.925859
88.000000	3.147921	4.300000	0.732075
89.000000	0.661328	0.700000	0.944754
90.000000	1.339435	29.700000	0.045099
91.000000	1.192493	1.100000	1.084085
92.000000	0.710406	1.000000	0.710406
93.000000	0.789341	0.600000	1.315568
94.000000	0.789341	1.600000	0.493338
95.000000	0.870969	1.200000	0.725807
96.000000	0.395895	0.600000	0.659825
97.000000	1.372436	1.600000	0.857772
98.000000	0.605161	0.900000	0.672401
99.000000	0.920897	1.300000	0.708383
100.000000	0.605161	0.600000	1.008602
101.000000	0.841963	1.300000	0.647664
102.000000	1.078765	1.400000	0.770547
103.000000	1.052454	1.200000	0.877045
104.000000	0.789341	1.000000	0.789341
105.000000	0.657784	0.700000	0.939691
106.000000	0.633432	0.800000	0.791790
107.000000	0.764967	1.100000	0.695424
108.000000	0.791345	0.800000	0.989181
109.000000	1.210705	1.400000	0.864789
110.000000	0.842229	0.800000	1.052787
111.000000	0.868549	1.000000	0.868549
112.000000	1.131746	1.000000	1.131746
113.000000	1.394942	1.200000	1.162452
114.000000	0.765397	0.900000	0.850441
115.000000	0.686218	1.000000	0.686218
116.000000	2.195748	2.000000	1.097874
117.000000	0.993315	1.400000	0.709511
118.000000	0.947508	1.300000	0.728852
119.000000	0.473754	0.400000	1.184385
120.000000	1.158065	0.800000	1.447581
121.000000	0.579033	0.600000	0.965054
122.000000	0.947508	0.500000	1.895016
123.000000	0.767140	1.100000	0.697400
124.000000	1.507828	1.800000	0.837682
125.000000	1.322656	1.700000	0.778033
126.000000	2.804031	3.600000	0.778897
127.000000	0.476156	0.600000	0.793594
128.000000	1.689152	2.500000	0.675661
129.000000	0.527860	0.400000	1.319650
130.000000	1.359273	1.500000	0.906182
131.000000	0.862615	1.200000	0.718846
132.000000	0.862615	1.200000	0.718846
133.000000	0.685832	0.600000	1.143054
134.000000	0.659454	0.600000	1.099090
135.000000	0.501185	0.500000	1.002370
136.000000	2.242144	1.800000	1.245636
137.000000	0.791345	1.000000	0.791345
138.000000	0.712210	1.000000	0.712210
139.000000	1.568392	2.400000	0.653497
140.000000	0.791345	0.800000	0.989181
141.000000	0.789341	0.700000	1.127629
142.000000	0.529062	0.800000	0.661328
143.000000	0.448681	0.600000	0.747802
144.000000	0.870969	0.600000	1.451615
145.000000	1.372436	1.800000	0.762464
146.000000	0.967175	0.900000	1.074639
147.000000	1.045594	0.900000	1.161772
148.000000	0.836476	0.900000	0.929417
149.000000	0.633076	0.400000	1.582690
150.000000	0.394670	0.400000	0.986676
151.000000	0.368359	0.600000	0.613932
152.000000	0.763029	1.000000	0.763029
153.000000	0.578850	0.500000	1.157699
154.000000	0.529062	2.100000	0.251934
155.000000	0.052906	1.100000	0.048097
156.000000	0.026453	1.700000	0.015561
157.000000	0.079359	1.400000	0.056685
158.000000	0.185172	2.300000	0.080509
159.000000	0.105812	4.000000	0.026453
160.000000	1.454922	1.500000	0.969948
161.000000	0.317437	0.600000	0.529062
162.000000	0.026453	0.900000	0.029392
163.000000	0.079359	1.000000	0.079359
164.000000	0.581969	0.700000	0.831384
165.000000	0.290984	0.900000	0.323316
166.000000	0.555516	1.000000	0.555516
167.000000	0.343891	0.600000	0.573151
168.000000	1.058125	1.000000	1.058125
169.000000	0.661328	1.200000	0.551107
170.000000	0.026453	1.000000	0.026453
171.000000	0.714234	0.500000	1.428468
172.000000	1.005219	1.000000	1.005219
173.000000	0.555516	1.000000	0.555516
174.000000	0.476156	0.300000	1.587187
175.000000	0.631472	0.600000	1.052454
176.000000	0.736718	0.600000	1.227863
177.000000	0.394670	0.800000	0.493338
178.000000	0.631472	0.800000	0.789341
179.000000	0.552538	0.400000	1.381346
180.000000	0.342048	1.000000	0.342048
181.000000	0.000000	1.000000	0.000000
182.000000	0.078934	1.000000	0.078934
183.000000	0.820047	1.100000	0.745497
184.000000	0.555516	0.900000	0.617239
185.000000	0.185172	0.900000	0.205746
186.000000	0.608422	0.900000	0.676024
187.000000	0.555516	0.700000	0.793594
188.000000	1.269750	1.500000	0.846500
189.000000	1.421262	2.000000	0.710631
190.000000	1.763417	1.500000	1.175612
191.000000	0.104559	0.800000	0.130699
192.000000	0.000000	0.600000	0.000000
193.000000	0.052280	2.000000	0.026140
194.000000	0.132266	1.000000	0.132266
195.000000	0.369502	1.600000	0.230939
196.000000	0.791790	0.900000	0.879767
197.000000	0.527860	0.700000	0.754086
198.000000	0.657992	0.900000	0.731102
199.000000	0.710631	1.300000	0.546639
200.000000	0.502609	0.700000	0.718013
